service_id,monday,tuesday,wednesday,thursday,friday,saturday,sunday,start_date,end_date
OP40SIN,0,0,0,0,0,0,0,20170114,20261219
OP44SSEPT,0,0,0,0,0,0,0,20180929,20260926
OP9SSEPT,0,0,0,0,0,0,0,20170107,20261219
OP9SIN,0,0,0,0,0,0,0,20170107,20261219
OP42SPPV,0,0,0,0,0,0,0,20170408,20261219
OP40FSEPT,0,0,0,0,0,0,0,20190908,20260927
OP44VSEPT,0,0,0,0,0,0,0,20260911,20260925
OP40VIN,0,0,0,0,0,0,0,20170203,20261218
OP41XIN,0,0,0,0,0,0,0,20170109,20261223
OP42SSEPT,0,0,0,0,0,0,0,20190907,20260926
OP44FIN,0,0,0,0,0,0,0,20170115,20261220
OP43FIN,0,0,0,0,0,0,0,20170903,20261220
OP41SFD,0,0,0,0,0,0,0,20171014,20261017
OP42FPPV,0,0,0,0,0,0,0,20170409,20261220
OP41FIN,0,0,0,0,0,0,0,20170106,20261220
OP41VPPV,0,0,0,0,0,0,0,20170915,20260925
OP9LSEPT,0,0,0,0,0,0,0,20170109,20261223
OP44FSEPT,0,0,0,0,0,0,0,20250907,20260927
OP43LIN,0,0,0,0,0,0,0,20170911,20261223
OP44SIN,0,0,0,0,0,0,0,20170114,20261219
PRUEBA,0,0,0,0,0,0,0,20160630,20261223
OP9VIN,0,0,0,0,0,0,0,20170113,20261218
OP42FSEPT,0,0,0,0,0,0,0,20220904,20260927
OP41FFD,0,0,0,0,0,0,0,20251012,20261018
OP41VFD,0,0,0,0,0,0,0,20171013,20261016
OP40SSEPT,0,0,0,0,0,0,0,20190914,20260926
OP41VIN,0,0,0,0,0,0,0,20170113,20261218
OP44LSEPT,0,0,0,0,0,0,0,20260907,20260930
OP44LIN,0,0,0,0,0,0,0,20170109,20261223
OP41VNF,0,0,0,0,0,0,0,20171205,20261207
OP41SIN,0,0,0,0,0,0,0,20170107,20261219
OP9FIN,0,0,0,0,0,0,0,20170106,20261220
OP9VSEPT,0,0,0,0,0,0,0,20170113,20261218
OP42LSEPT,0,0,0,0,0,0,0,20220908,20260930
OP9LJIN,0,0,0,0,0,0,0,20170109,20261223
OP40FIN,0,0,0,0,0,0,0,20170115,20261220
OP43SIN,0,0,0,0,0,0,0,20170902,20261219
OP42LJPPV,0,0,0,0,0,0,0,20170410,20261223
OP41LJIN,0,0,0,0,0,0,0,20170109,20261223
OP42VSEPT,0,0,0,0,0,0,0,20220909,20260925
OP9FSEPT,0,0,0,0,0,0,0,20170106,20261220
OP42VPPV,0,0,0,0,0,0,0,20170407,20261218
OP44VIN,0,0,0,0,0,0,0,20171110,20261218
OP40LJIN,0,0,0,0,0,0,0,20170130,20261223
